278 250 1
354 347 1
325 56 1
245 12 1
291 182 2
406 72 1
225 338 2
253 286 2
44 305 2
285 258 0
71 38 2
271 214 0
301 344 0
306 399 1
308 145 0
357 151 0
542 52 1
12 85 1
331 394 1
43 150 0
1 310 2
44 360 2
356 207 0
25 396 1
120 9 0
445 205 2
417 100 2
12 114 1
464 169 1
101 338 1
583 37 1
112 191 1
390 168 0
288 16 0
492 73 0
265 314 0
555 185 2
340 182 0
338 367 2
385 224 2
551 93 0
255 299 2
175 285 0
43 170 1
576 194 0
286 183 2
376 219 0
357 358 2
302 371 1
543 295 1
265 311 2
205 343 1
13 114 1
471 52 0
354 43 1
2 259 0
430 234 0
559 118 1
473 97 2
203 207 1
523 217 2
279 306 2
95 335 0
411 178 0
588 67 1
285 278 1
457 230 0
251 189 0
475 313 0
327 373 1
340 204 0
282 347 2
520 367 0
292 299 0
317 243 2
455 273 2
586 324 1
25 279 2
308 185 2
231 140 0
219 276 2
512 136 0
467 295 1
218 378 0
447 210 0
188 398 0
176 94 1
551 176 2
97 73 2
113 38 1
236 291 1
263 287 2
345 233 1
543 41 1
470 196 1
295 298 0
503 358 0
557 105 2
448 155 0
14 80 0